1 1 501 -1107 3 2 -1107 -1112 -1114 -1113 -1113 -1113 -1113 false -Dr Wongs Bedroom
0 
2 2 502 -1107 4 -1107 1 -1112 -1114 -1113 -1113 -1113 -1113 false -Workroom
0 
3 3 503 1 -1107 -1107 -1107 -1112 -1114 -1113 -1113 -1113 -1113 false -Bathroom
15 13 0 
4 4 504 2 -1107 5 -1107 -1112 -1114 -1113 -1113 -1113 -1113 false -Livingroom
16 0
5 5 505 -1116 8 -1115 4 -1118 -1119 -1115 -1115 -1117 -1117 true -Sidewalk End
12 0 
6 6 506 -1117 10 7 -1117 -1118 -1109 0 11 -1117 -1117 true -Park
1 0
7 7 507 -1117 11 8 6 -1118 -1109 -1117 -1117 -1117 10 true -Park
5 0
8 8 508 5 12 -1115 7 -1118 -1119 -1115 -1115 -1117 -1117 true -park ent Sidewalk
0
9 9 509 -1117 13 -1117 -1117 -1118 -1109 -1117 -1117 -1117 -1117 true -park
0
10 10 510 6 14 11 -1117 -1118 -1109 7 -1117 -1117 -1117 true -park
0
11 11 511 7 15 -1117 10 -1118 -1109 -1117 -1117 6 -1117 true -park
11 0
12 12 512 8 16 -1115 -1117 -1118 -1119 -1115 -1115 -1117 -1117 true -busstop
14 0
13 13 513 9 -1117 14 -1117 -1118 -1109 -1117 -1117 -1117 -1117 true -park
0
14 14 514 10 -1117 15 13 -1118 -1109 -1117 -1117 -1117 -1117 true -park
0
15 15 515 11 -1117 -1117 14 -1118 -1109 -1117 -1117 -1117 -1117 true -park
0
16 16 516 12 17 -1115 -1117 -1118 -1119 -1115 -1115 -1117 -1117 true -sidewalk
0
17 17 517 16 -1116 -1115 -1116 -1118 -1119 -1115 -1115 -1117 -1116 true -sidewalk end
0 
18 18 518 0 0 0 0 0 0 0 0 0 0 true - airport stop
0
31 31 531 0 0 0 0 0 0 0 0 0 0 false - on bus
17 0
32 32 532 0 0 0 0 0 0 0 0 0 0 false - on bus
17 0
33 33 533 0 0 0 0 0 0 0 0 0 0 false - on bus
17 0
34 34 534 0 0 0 0 0 0 0 0 0 0 true - library bus stop
19 0
50 50 550 0 54 51 0 59 0 0 0 0 0 false - ground level
0
51 51 551 0 0 52 50 0 0 0 0 0 0 false - ground level
0
52 52 552 0 55 0 51 0 0 0 0 0 0 false - ground level
0
53 53 553 0 0 54 0 0 71 0 0 0 0 false - ground level 
0
54 54 554 50 56 0 53 0 0 0 0 0 0 false - ground level
0
55 55 555 52 58 0 0 0 0 0 0 0 0 false - ground level
0
56 56 556 54 0 57 0 0 0 0 0 0 0 false - ground level
0
57 57 557 0 0 56 58 0 0 0 0 0 0 false - ground level
0
58 58 558 55 0 0 57 0 0 0 0 0 0 false - ground level
0
59 59 559 0 62 60 0 0 50 0 0 0 0 false - floor 1
0
60 60 560 0 0 61 59 0 0 0 0 0 0 false - floor 1
0
61 61 561 0 63 0 60 0 0 0 0 0 0 false - floor 1
0
62 62 562 59 0 0 0 0 0 0 0 0 64 false - floor 1
0
63 63 563 61 0 0 0 0 0 0 64 0 0 false - floor 1
0
64 64 564 0 0 0 0 0 0 62 0 63 0 false - floor 1
0
65 65 565 0 67 0 0 0 0 0 0 0 0 false - floor 2
0
66 66 566 0 0 67 0 0 0 0 0 0 0 false - floor 2
0
67 67 567 65 69 68 66 0 0 0 0 0 0 false - floor 2
0
68 68 568 0 0 0 67 0 0 0 0 0 0 false - floor 2
0
69 69 569 67 0 0 0 0 71 0 0 0 0 false - floor 2
0
71 71 571 0 79 72 0 0 0 0 0 73 80 false - dungeon
0
